| step |      loss | global_norm | overflow | loss_scale |
| ---- | --------: | ----------: | -------- | ---------: |
| 1    | 15.994116 |   18.363276 | False    |        1.0 |
| 2    | 15.762886 |   16.694190 | False    |        1.0 |
| 3    | 16.583115 |   17.367466 | False    |        1.0 |
| 4    | 15.922192 |   14.777558 | False    |        1.0 |
| 5    | 16.606695 |   17.294086 | False    |        1.0 |
| 6    | 15.940705 |   14.446381 | False    |        1.0 |
| 7    | 14.742739 |   14.557197 | False    |        1.0 |
| 8    | 16.535093 |   16.793005 | False    |        1.0 |
| 9    | 18.153065 |   16.866010 | False    |        1.0 |
| 10   | 15.514065 |   14.986671 | False    |        1.0 |
| 11   | 14.842097 |   13.528371 | False    |        1.0 |
| 12   | 15.031343 |   13.323236 | False    |        1.0 |
| 13   | 15.078642 |   15.839686 | False    |        1.0 |
| 14   | 13.316998 |    9.804013 | False    |        1.0 |
| 15   | 16.386261 |   18.083832 | False    |        1.0 |
| 16   | 20.476391 |   24.483217 | False    |        1.0 |
| 17   | 15.943971 |   16.552122 | False    |        1.0 |
| 18   | 15.183918 |   15.458350 | False    |        1.0 |
| 19   | 16.258022 |   18.503250 | False    |        1.0 |
| 20   | 14.880547 |   17.422707 | False    |        1.0 |
| 21   | 14.626083 |   14.995673 | False    |        1.0 |
| 22   | 15.866027 |   16.819584 | False    |        1.0 |
| 23   | 15.227503 |   16.916020 | False    |        1.0 |
| 24   | 16.030104 |   14.749761 | False    |        1.0 |
| 25   | 17.689260 |   25.118725 | False    |        1.0 |
